.Random.seed <-
c(403L, 10L, -723224747L, -912152337L, -368435466L, 9955872L, 
-1842937885L, -1730087807L, -1273724176L, 894568846L, 705160953L, 
1803056267L, 850877626L, -78071876L, 1650943231L, -1647335339L, 
-1709761684L, -1873693758L, -334547939L, 1760208023L, -421727746L, 
1871909304L, -376791653L, 1467884537L, 1793985352L, -157645194L, 
1665154993L, -128851485L, -1498945870L, -354362620L, 1869473863L, 
432865053L, 273261972L, 1320954170L, -2013268603L, 615636575L, 
1351346406L, -960812176L, 1018727571L, -1551591119L, 1988886496L, 
-389413762L, 834406153L, -938186437L, -126202614L, 1209492716L, 
-1716653713L, -371034459L, 966928476L, 1441783858L, 1533785901L, 
-1218390553L, 1746782478L, -1739591960L, 646799595L, -1146035831L, 
-616185576L, 1682060358L, 315669665L, 531465011L, -732018014L, 
-746454636L, 1646243863L, -1295857651L, -423625436L, 274893066L, 
265560181L, -1354454065L, -1120535338L, -1366537088L, -77868349L, 
-1051853727L, 1504214224L, -1075737042L, 1002426329L, -927191061L, 
-1361770918L, -512999396L, -287064801L, -1525580427L, 1347955724L, 
1243819490L, 532975293L, -165099209L, 661376478L, 1842266904L, 
1956170363L, -750131175L, -416456536L, 1532985942L, 574852817L, 
1065311875L, 2017391890L, 1062109348L, -1824104345L, 2079330749L, 
-1192641740L, 1970770074L, -132614427L, -327556993L, -240772602L, 
1014498704L, 1424275507L, -136292399L, 1554546048L, -1151053730L, 
1848983465L, 142181979L, -690521494L, -1298036980L, -1573211825L, 
967813637L, 1552095420L, 1029427602L, 1827670669L, 455465159L, 
-503509586L, -1731872760L, 600787979L, -317732631L, -1407572040L, 
-2024095642L, 1271337217L, -2146023533L, 1667332162L, 388960244L, 
-1952265737L, 898235885L, 1817890436L, -1423503190L, -731226603L, 
-1268071761L, -1928054602L, -1173727520L, 1510468131L, -1953589951L, 
1596196912L, 126202446L, -519293255L, 786010827L, 75719546L, 
-1810025860L, 1093281471L, 1896689557L, -967063636L, -660777598L, 
46938973L, -1065544105L, -1073658562L, -1745775240L, -1761483173L, 
-1517260359L, -1674554360L, -693956938L, -75137551L, -1722436573L, 
895872114L, -2010452284L, -1100199801L, -1853617059L, -1894313388L, 
-1575073670L, 1498663877L, 1546919199L, -299791194L, -549798352L, 
66225363L, -70096143L, 327735840L, -1301881666L, -643004215L, 
276347515L, 817729610L, -220905300L, 61126575L, -1518025883L, 
802748700L, 918552946L, 1462567405L, -1543297497L, -367311282L, 
-760976728L, 1106225323L, 1049366985L, 1707736536L, 16493702L, 
-1971777183L, -196283149L, -1528685726L, 717870548L, 1083891927L, 
1534251725L, -1279020444L, 1642563658L, -1118077515L, 1844019471L, 
1385389590L, 2114107584L, 914017923L, -2143212895L, -1334592368L, 
948639598L, -2140311271L, 1033982379L, -2120896614L, 1577443164L, 
1439936095L, 864509493L, 619404748L, 415776034L, -1462130819L, 
-2056717193L, 369697182L, -781019048L, 237790651L, -671069351L, 
1373296872L, 1425504534L, 518163089L, -2013632701L, 1501344338L, 
546886884L, -1155653849L, 668507005L, 350445172L, 1401987162L, 
1682651301L, -1184650561L, -1922051770L, 1315817300L, -711535038L, 
462329760L, 271082684L, 2031178192L, -924143262L, 1320505320L, 
1387680716L, -675481860L, 1218778098L, -1246106496L, -1561892620L, 
-953442168L, -1398156998L, 1068976976L, -1747283860L, 1273949332L, 
1264702802L, 1122130656L, 820878540L, 1115161760L, 1730577794L, 
-301320984L, -1079155476L, -1600862148L, -2130236302L, 523021424L, 
-580873692L, -923503048L, 831259162L, -1934889776L, 1808690748L, 
265513108L, 447444098L, -916040768L, -1572542148L, -1169666416L, 
-920570846L, -1844723704L, -1408105332L, -1320960996L, -1439936366L, 
1525562496L, 1002097684L, 473540392L, -1374646214L, -1182967600L, 
1932730476L, -1769220428L, -717849582L, -18222112L, -1304476724L, 
-1649628704L, -880134110L, 2006289704L, 80216332L, -1015848388L, 
193898738L, 1484074224L, -978878652L, -649061288L, -1724416454L, 
1536030960L, 1663207100L, -871218668L, -1537981246L, 1140677216L, 
-1026391684L, 68148432L, -1383313374L, -1715891032L, -2070777460L, 
-1657302596L, -1650127822L, 940642112L, -1488385356L, 1822711112L, 
-1825335622L, -1024472304L, 2102565100L, -410940332L, -112053486L, 
-533705312L, 528050124L, -1194214560L, -1928704830L, 776008232L, 
2101697964L, -74173636L, 738525042L, -501436624L, 486804516L, 
18600504L, 491001562L, 135275408L, 1221632252L, 766257556L, -1755337918L, 
840430080L, 1420866620L, -2038166960L, -1698032478L, -703129784L, 
-2130704884L, -2043623716L, 1987420242L, 1013850240L, -1439481004L, 
1592112104L, 233644794L, -2035282096L, 942526508L, -1431522956L, 
1025620626L, 874754656L, -302330740L, -336003744L, -382680862L, 
352217256L, -1261493556L, -587430404L, -604342350L, -1327693840L, 
1769242052L, 345807192L, 374214010L, -877122128L, -1326138948L, 
2085120596L, -1207140926L, 829446944L, -400344132L, -803642288L, 
-1557796894L, -18044056L, 30455628L, 274504444L, 172282610L, 
-740065024L, -58776460L, -1081042424L, 1368428986L, 8116688L, 
-343346196L, -1275897964L, -427559726L, 388550752L, -217740980L, 
1460956960L, -194415998L, 167014888L, -301714452L, 2079227452L, 
-2125110670L, -1246501008L, -1964064476L, 2047626808L, -2047246950L, 
790468048L, -1729154628L, -1341592940L, 1592415874L, 1449114048L, 
-1990738116L, -1516681584L, -1178381534L, -1961988600L, -879438068L, 
2109300636L, 102811666L, -54602880L, -634749164L, -789161688L, 
-637253574L, -625858608L, 247243372L, -1122986956L, -42640238L, 
1371768160L, -1201278644L, -180391456L, 598837154L, -576802904L, 
973167756L, 2052922300L, -871800718L, 1361695728L, 1463357508L, 
-2131438504L, 189945914L, 1994379376L, 1070279228L, 875027220L, 
1165061826L, -35021088L, 1736299644L, -12984112L, -2107198558L, 
1007067688L, 2104261900L, 1014819772L, 1533603122L, 1378211008L, 
500407860L, -107497784L, 145862330L, -1742272368L, 991873772L, 
609677908L, -1893738862L, -1770099936L, -186553396L, -649575200L, 
-1176991038L, -1764720600L, 1120633772L, -1516240196L, -189002254L, 
-854888912L, 349562788L, 582673848L, 874882906L, -1810511728L, 
1294041980L, -2004116716L, -188677822L, 228324096L, 992048952L, 
257205473L, 204736403L, -2134123596L, 1240494274L, 635790551L, 
566776097L, -885770010L, -806359580L, -1616295659L, -1850408641L, 
1338232024L, -562363146L, 936214275L, 851163205L, 1677410L, 1639567312L, 
-1514351367L, 1131732523L, -957052516L, 2120309194L, -111797569L, 
-1417319415L, 847990046L, -2133741364L, 263820445L, 1551051047L, 
1458705232L, -480342546L, -904971621L, -995332867L, -42585110L, 
1980998792L, -1770055119L, -1628418909L, 1501458596L, -305962670L, 
193830055L, -571123471L, 1619300406L, -1969065772L, 1155253349L, 
715177583L, -1933475672L, 254545414L, 1007021875L, -2093053035L, 
-948682766L, -713229248L, 691078569L, -89445349L, 1172302316L, 
-376393222L, 1810896431L, 104452665L, -1154724786L, -1321798500L, 
-226908659L, 2145798775L, 1332427392L, -753520418L, 1992670123L, 
1751028909L, -754890470L, -522846760L, 1025574465L, 1065032947L, 
343198484L, 1755204258L, 523215799L, -1268531327L, 1788110214L, 
-1529231420L, 1343941365L, 72793951L, 658055608L, 1307990166L, 
350477987L, -1278738331L, -1979845246L, -1797159184L, 1867274905L, 
-140927349L, -1550606468L, -461336150L, 1660385759L, 778669929L, 
-577013890L, -349323412L, -402054211L, -839356281L, -581514128L, 
347432718L, -182682565L, 990008093L, -1747953206L, 669098728L, 
905897425L, 356579267L, -1140490044L, -1104912526L, 1377452615L, 
-494091759L, 133229462L, -707494156L, -1395355515L, 908744143L, 
455999688L, 1960053094L, -1640232045L, -1871391499L, -145414958L, 
-976129248L, -1999639799L, 1001712699L, 2125353356L, -1006868454L, 
1820628111L, 1802296281L, 583072878L, -990781444L, 145872237L, 
-2126311657L, -45453600L, 1804340414L, -1567880565L, -1503092467L, 
2048869690L, 2021016952L, 1549389601L, 1873020883L, 1687310068L, 
-1971712126L, 1673811479L, -1423754015L, -1045476826L, 1366059812L, 
-1323449387L, -1854712961L, 1583322648L, -1771021002L, -1295805501L, 
1448925701L, 247767458L, -691075696L, 217097529L, 1929335275L, 
